0.6019392547641372 1 0 0 0 0 0 0 0 0
1 0.11778924183909179 1 1 0 0 0 0 0 1
0 1 0.2903855822256842 0 1 1 0 0 0 0
0 1 0 0.33150993508505777 0 0 0 0 0 0
0 0 1 0 0.8609772152337124 0 1 1 0 0
0 0 1 0 0 0.088586663368316 0 0 0 0
0 0 0 0 1 0 0.9529597571343134 0 1 0
0 0 0 0 1 0 0 0.9819187750563461 0 0
0 0 0 0 0 0 1 0 0.04233291885984425 0
0 1 0 0 0 0 0 0 0 0.5911277645877417

0.5293837205138014 1 1 0 0 0 1 0 1 0
1 0.4016597525252775 0 0 0 1 0 0 0 0
1 0 0.6752467044041534 1 1 0 0 1 0 0
0 0 1 0.03785683749467117 0 0 0 0 0 0
0 0 1 0 0.7606352660217783 0 0 0 0 0
0 1 0 0 0 0.8961510548045072 0 0 0 0
1 0 0 0 0 0 0.4228491543270674 0 0 0
0 0 1 0 0 0 0 0.8679761018406926 0 1
1 0 0 0 0 0 0 0 0.23982528188762775 0
0 0 0 0 0 0 0 1 0 0.7918117959553246

0.3414732763690437 1 0 0 0 0 0 0 0 0
1 0.07216437229243045 1 0 0 0 0 1 0 0
0 1 0.19593900177584633 1 1 0 0 0 1 0
0 0 1 0.08315946107894057 0 0 1 0 0 0
0 0 1 0 0.21128749393696344 1 0 0 0 0
0 0 0 0 1 0.46778066873121116 0 0 0 0
0 0 0 1 0 0 0.7106383538003773 0 0 0
0 1 0 0 0 0 0 0.9303008310376328 0 1
0 0 1 0 0 0 0 0 0.008453585630700977 0
0 0 0 0 0 0 0 1 0 0.08882791873419393

0.23214949657443007 1 1 0 1 1 1 0 0 0
1 0.9503276998664016 0 0 0 0 0 0 0 0
1 0 0.4354661993098493 1 0 0 0 0 0 0
0 0 1 0.42985440135581543 0 0 0 0 0 1
1 0 0 0 0.3735736922475197 0 0 1 0 0
1 0 0 0 0 0.6314885489242047 0 0 0 0
1 0 0 0 0 0 0.0638736038745874 0 0 0
0 0 0 0 1 0 0 0.9685281932628292 1 0
0 0 0 0 0 0 0 1 0.25925730808639547 0
0 0 0 1 0 0 0 0 0 0.46783211127524094

0.548992323189485 1 0 1 0 0 0 0 0 0
1 0.8360447703801762 1 0 0 0 0 1 0 0
0 1 0.6253845643130229 0 0 0 0 0 0 0
1 0 0 0.9576486320706908 1 0 1 0 0 1
0 0 0 1 0.7412069403281308 1 0 0 0 0
0 0 0 0 1 0.9423611540853383 0 0 0 0
0 0 0 1 0 0 0.4962785994528366 0 0 0
0 1 0 0 0 0 0 0.2849240245632142 1 0
0 0 0 0 0 0 0 1 0.038532663583362714 0
0 0 0 1 0 0 0 0 0 0.8881947866467113

0.7738721114845062 1 0 0 0 0 1 0 0 0
1 0.35732764606578704 1 1 0 0 0 1 0 0
0 1 0.05541533520110353 0 0 0 0 0 0 0
0 1 0 0.2916542398085268 1 1 0 0 0 0
0 0 0 1 0.0197586365785688 0 0 0 1 0
0 0 0 1 0 0.26630234472255154 0 0 0 0
1 0 0 0 0 0 0.5792536888103381 0 0 0
0 1 0 0 0 0 0 0.1979689124899463 0 0
0 0 0 0 1 0 0 0 0.5345942976295889 1
0 0 0 0 0 0 0 0 1 0.7596720707440558

0.47309582329681255 1 0 0 0 0 0 0 0 0
1 0.2777292884401663 1 0 0 1 0 0 1 0
0 1 0.3663643423304319 1 1 0 0 0 0 0
0 0 1 0.3184016416412523 0 0 0 0 0 0
0 0 1 0 0.7313623592395716 0 1 0 0 0
0 1 0 0 0 0.823081378991583 0 1 0 0
0 0 0 0 1 0 0.8628391318113422 0 0 0
0 0 0 0 0 1 0 0.8749256154681617 0 1
0 1 0 0 0 0 0 0 0.06022678781828261 0
0 0 0 0 0 0 0 1 0 0.1813341075666003

0.6410101670631981 1 1 1 1 0 1 0 0 1
1 0.9824881368828794 0 0 0 0 0 0 0 0
1 0 0.9300434987490631 0 0 0 0 0 0 0
1 0 0 0.5074032401274305 0 0 0 0 1 0
1 0 0 0 0.052996099942763664 1 0 0 0 0
0 0 0 0 1 0.9055589952723068 0 0 0 0
1 0 0 0 0 0 0.8939317851109732 1 0 0
0 0 0 0 0 0 1 0.0880558188522671 0 0
0 0 0 1 0 0 0 0 0.6443123035655082 0
1 0 0 0 0 0 0 0 0 0.9269957422088106

0.36837047914699594 1 0 0 0 0 1 0 0 0
1 0.025201702470992404 1 0 0 0 0 0 0 0
0 1 0.2553295215163126 1 0 0 0 0 1 1
0 0 1 0.2844134246553396 1 0 0 1 0 0
0 0 0 1 0.7497738571469489 1 0 0 0 0
0 0 0 0 1 0.8413112385728411 0 0 0 0
1 0 0 0 0 0 0.5458294682510089 0 0 0
0 0 0 1 0 0 0 0.9556618083043921 0 0
0 0 1 0 0 0 0 0 0.6564729386033303 0
0 0 1 0 0 0 0 0 0 0.6486668763807752

0.17445278542547238 1 1 0 0 0 0 0 0 0
1 0.40231370973794656 0 0 0 1 0 0 0 0
1 0 0.8362255942909822 1 1 0 0 0 0 0
0 0 1 0.9146549833926346 0 0 1 0 0 1
0 0 1 0 0.535203275752285 0 0 0 0 0
0 1 0 0 0 0.26045658004756966 0 1 0 0
0 0 0 1 0 0 0.7710741205243886 0 0 0
0 0 0 0 0 1 0 0.2649679239164632 1 0
0 0 0 0 0 0 0 1 0.7734372222170192 0
0 0 0 1 0 0 0 0 0 0.1870571162427509